4294967279,100
4294967279,105
4294967279,104
4294967279,103
4294967279,102
4294967279,101
4294967279,537
4294967279,543
4294967278,148
4294967279,115
4294967279,114
4294967279,113
4294967279,112
4294967279,111
4294967279,110
4294967279,109
4294967279,108
4294967279,107
4294967279,106
4294967279,289
4294967278,147
4294967279,288
4294967278,315
4294967278,145
4294967279,144
4294967278,11
4294967278,10
4294967278,9
4294967278,8
4294967278,7
4294967278,6
4294967278,5
4294967278,4
4294967279,132
4294967279,131
4294967279,130
4294967279,129
4294967279,128
4294967279,127
4294967279,126
4294967279,125
4294967279,124
4294967279,123
4294967279,122
4294967279,121
4294967279,120
4294967279,119
4294967279,118
4294967279,117
4294967279,116
4294967278,293
4294967278,142
4294967278,141
4294967278,174
4294967278,260
4294967278,62
4294967278,61
4294967278,60
4294967278,59
4294967278,58
4294967278,321
4294967278,57
4294967278,56
4294967278,376
4294967278,55
4294967278,54
4294967278,382
4294967278,53
4294967278,52
4294967278,51
4294967278,50
4294967278,49
4294967278,319
4294967278,48
4294967278,47
4294967278,318
4294967278,46
4294967278,372
4294967278,45
4294967278,44
4294967278,43
4294967278,42
4294967278,41
4294967278,297
4294967278,40
4294967278,39
4294967278,296
4294967278,38
4294967278,295
4294967278,37
4294967278,36
4294967278,35
4294967278,34
4294967278,33
4294967278,314
4294967278,32
4294967278,31
4294967278,30
4294967278,29
4294967278,313
4294967278,325
4294967278,25
4294967278,24
4294967278,23
4294967278,289
4294967278,22
4294967278,371
4294967278,21
4294967278,370
4294967278,20
4294967278,284
4294967278,19
4294967278,275
4294967278,18
4294967278,286
4294967278,17
4294967278,386
4294967278,16
4294967278,283
4294967278,15
4294967278,14
4294967278,13
4294967278,12
4294967279,85
4294967279,83
4294967279,82
4294967279,81
4294967279,80
4294967279,79
4294967279,74
4294967279,72
4294967279,71
4294967279,70
4294967279,67
4294967279,66
4294967279,65
4294967279,62
4294967279,60
4294967279,58
4294967279,55
4294967279,51
4294967279,50
4294967279,46
4294967279,45
4294967279,44
4294967279,43
4294967279,37
4294967279,35
4294967279,29
4294967279,25
4294967279,24
4294967279,20
4294967279,19
4294967279,18
4294967279,16
4294967279,14
4294967279,12
4294967279,10
4294967278,28
4294967278,291
4294967279,28
4294967279,541
4294967278,27
4294967279,518
4294967278,26
4294967294,933
4294967294,922
4294967294,436
4294967294,828
4294967294,827
4294967294,60
4294967279,133
4294967279,271
4294967279,270
4294967279,283
4294967279,279
4294967279,282
4294967279,277
4294967279,265
4294967279,264
4294967279,262
4294967279,11
4294967279,255
4294967278,346
4294967278,345
4294967278,367
4294967278,366
4294967278,344
4294967278,342
4294967278,254
4294967278,341
4294967278,253
4294967278,250
4294967278,248
4294967278,246
4294967278,244
4294967278,242
4294967278,240
4294967278,238
4294967278,396
4294967278,309
4294967278,232
4294967278,233
4294967278,230
4294967278,228
4294967278,229
4294967278,226
4294967278,222
4294967278,216
157,6
4294967278,220
157,5
157,4
4294967278,218
157,3
157,2
157,1
4294967278,217
4294967278,215
4294967278,338
4294967278,337
4294967278,211
4294967294,173
4294967294,182
4294967278,210
4294967278,395
4294967278,209
4294967278,208
4294967278,205
4294967278,207
4294967278,206
4294967278,204
4294967294,1417
4294967278,203
4294967278,202
4294967278,201
4294967278,394
4294967279,318
4294967278,393
4294967279,199
4294967279,301
4294967278,332
4294967279,198
4294967278,197
4294967279,84
4294967279,197
4294967278,196
4294967278,308
4294967279,196
4294967278,195
4294967278,194
4294967279,194
4294967279,191
4294967278,193
154,6
4294967279,193
154,5
4294967278,192
154,4
4294967279,192
154,3
154,2
154,1
4294967279,572
4294967278,191
4294967279,77
4294967279,545
4294967278,330
4294967279,68
4294967279,76
4294967278,188
4294967278,279
4294967279,75
4294967278,187
4294967279,187
4294967294,389
4294967294,473
4294967278,186
4294967278,307
4294967279,186
4294967279,539
4294967279,73
4294967278,185
4294967279,185
4294967279,184
4294967278,183
4294967279,181
4294967279,183
4294967278,182
4294967279,182
4294967279,568
4294967278,181
4294967279,180
4294967278,179
4294967279,179
4294967278,178
4294967279,178
4294967278,177
4294967279,177
4294967279,61
4294967279,176
151,4
4294967279,175
151,3
151,2
151,1
4294967279,314
4294967279,173
4294967279,172
4294967279,171
150,4
150,3
150,2
150,1
4294967279,170
4294967279,169
4294967294,396
4294967294,409
4294967294,399
4294967294,1415
4294967294,385
4294967294,420
4294967294,948
4294967294,179
4294967294,398
4294967294,919
4294967294,403
4294967294,444
4294967294,404
4294967294,175
4294967294,464
4294967294,116
4294967294,109
4294967294,463
4294967294,448
4294967279,168
4294967279,535
4294967278,392
4294967278,350
4294967279,167
